  -1.0000000e+02
   1.2110773e-04
   9.9948402e-01
   9.9947985e-01
   1.0005091e+01
   1.3332281e+02
   1.1589625e-04
   7.5489961e-01
   3.2556049e-04
   1.0454463e-01
   9.7744958e-01
   9.6824956e-01
   1.3372363e-02
   6.9256455e-05
   1.5941525e-07
   1.3760389e-10
   1.5336496e-02
   2.7167338e-03
   2.4375693e-04
   1.1513008e-05
   9.9915837e-01
   6.0435601e-01
   7.8646988e-02
   3.8415142e-03
   8.4950752e-05
   1.0863965e-06
   2.2169681e-01
   1.5279114e-02
   2.8892673e-02
   1.8327356e-02
   1.0287376e+00
   6.9597864e+00
   9.9974541e-01
   2.1384948e-04
   3.7605183e-05
   2.8490731e-06
   2.8504095e-07
